>BumbleFluff
1.0,-0.4,-0.4,-0.4
-0.4,1.0,-0.4,-0.4
-0.4,-0.4,1.0,-0.4
-0.4,-0.4,-0.4,1.0

>PixelPudding
1.0,-1.0,-0.5,-1.0
-1.0,1.0,-1.0,-0.5
-0.5,-1.0,1.0,-1.0
-1.0,-0.5,-1.0,1.0

>NoodleBot
0,-4,-2,-4
-4,0,-4,-2
-2,-4,0,-4
-4,-2,-4,0

>QuantumQuokka
1.0,-3.0,-1.5,-3.0
-3.0,1.0,-3.0,-1.5
-1.5,-3.0,1.0,-3.0
-3.0,-1.5,-3.0,1.0

>GigaGummy
1.0,-0.25,-0.25,-0.25
-0.25,1.0,-0.25,-0.25
-0.25,-0.25,1.0,-0.25
-0.25,-0.25,-0.25,1.0

>TurboTurtle
1.0,-2.2,-1.1,-2.2
-2.2,1.0,-2.2,-1.1
-1.1,-2.2,1.0,-2.2
-2.2,-1.1,-2.2,1.0

>FuzzyWombat
0,-5,-3,-5
-5,0,-5,-3
-3,-5,0,-5
-5,-3,-5,0

>DinoSpark
1.0,-1.2,-0.8,-1.2
-1.2,1.0,-1.2,-0.6
-0.8,-1.2,1.0,-1.2
-1.2,-0.6,-1.2,1.0

>MangoTango
1.0,-0.7,-0.3,-0.7
-0.7,1.0,-0.7,-0.3
-0.3,-0.7,1.0,-0.7
-0.7,-0.3,-0.7,1.0

>ChocoChip
1.0,-0.9,-0.9,-0.9
-0.9,1.0,-0.9,-0.9
-0.9,-0.9,1.0,-0.9
-0.9,-0.9,-0.9,1.0

>LunarLollipop
1.0,-1.8,-0.9,-1.8
-1.8,1.0,-1.8,-0.9
-0.9,-1.8,1.0,-1.8
-1.8,-0.9,-1.8,1.0

>PuddleJumper
0,-2,-1,-2
-2,0,-2,-1
-1,-2,0,-2
-2,-1,-2,0

>NinjaNarwhal
1.0,-2.4,-1.2,-2.4
-2.4,1.0,-2.4,-1.2
-1.2,-2.4,1.0,-2.4
-2.4,-1.2,-2.4,1.0

>BubblegumBear
1.0,-0.6,-0.6,-0.6
-0.6,1.0,-0.6,-0.6
-0.6,-0.6,1.0,-0.6
-0.6,-0.6,-0.6,1.0

>SolarSnail
1.0,-1.5,-1.0,-1.5
-1.5,1.0,-1.5,-0.5
-1.0,-1.5,1.0,-1.5
-1.5,-0.5,-1.5,1.0

>VelvetViper
1.0,-3.3,-1.1,-3.3
-3.3,1.0,-3.3,-1.1
-1.1,-3.3,1.0,-3.3
-3.3,-1.1,-3.3,1.0

>MysticMuffin
0,-1,-0.5,-1
-1,0,-1,-0.5
-0.5,-1,0,-1
-1,-0.5,-1,0

>ThunderThimble
1.0,-0.2,-0.2,-0.2
-0.2,1.0,-0.2,-0.2
-0.2,-0.2,1.0,-0.2
-0.2,-0.2,-0.2,1.0

>GalaxyGuppy
1.0,-2.6,-1.3,-2.6
-2.6,1.0,-2.6,-1.3
-1.3,-2.6,1.0,-2.6
-2.6,-1.3,-2.6,1.0

>CrystalCactus
1.0,-1.7,-0.7,-1.7
-1.7,1.0,-1.7,-0.7
-0.7,-1.7,1.0,-1.7
-1.7,-0.7,-1.7,1.0

>SillySeal
1.0,-0.8,-0.8,-0.8
-0.8,1.0,-0.8,-0.8
-0.8,-0.8,1.0,-0.8
-0.8,-0.8,-0.8,1.0

>RadiantRaccoon
0,-3,-2,-3
-3,0,-3,-2
-2,-3,0,-3
-3,-2,-3,0

>BlazeBunny
1.0,-3.0,-1.0,-3.0
-3.0,1.0,-3.0,-2.0
-1.0,-3.0,1.0,-3.0
-3.0,-2.0,-3.0,1.0

>FrostyFrog
1.0,-0.5,-0.25,-0.5
-0.5,1.0,-0.5,-0.25
-0.25,-0.5,1.0,-0.5
-0.5,-0.25,-0.5,1.0

>WhimsyWolf
1.0,-0.15,-0.15,-0.15
-0.15,1.0,-0.15,-0.15
-0.15,-0.15,1.0,-0.15
-0.15,-0.15,-0.15,1.0

>ZapZebra
1.0,-1.6,-0.8,-1.6
-1.6,1.0,-1.6,-0.8
-0.8,-1.6,1.0,-1.6
-1.6,-0.8,-1.6,1.0

>CosmoCoyote
1.0,-0.3,-0.3,-0.3
-0.3,1.0,-0.3,-0.3
-0.3,-0.3,1.0,-0.3
-0.3,-0.3,-0.3,1.0

>NeonNewt
0,-4,-1,-4
-4,0,-4,-1
-1,-4,0,-4
-4,-1,-4,0

>PandaPilot
1.0,-2.8,-1.4,-2.8
-2.8,1.0,-2.8,-1.4
-1.4,-2.8,1.0,-2.8
-2.8,-1.4,-2.8,1.0

>TigerTulip
1.0,-2.0,-1.0,-2.0
-2.0,1.0,-2.0,-1.5
-1.0,-2.0,1.0,-2.0
-2.0,-1.5,-2.0,1.0

>EchoEagle
1.0,-0.45,-0.45,-0.45
-0.45,1.0,-0.45,-0.45
-0.45,-0.45,1.0,-0.45
-0.45,-0.45,-0.45,1.0

>NebulaNoodle
1.0,-1.9,-0.95,-1.9
-1.9,1.0,-1.9,-0.95
-0.95,-1.9,1.0,-1.9
-1.9,-0.95,-1.9,1.0

>SapphireSloth
0,-1.5,-0.75,-1.5
-1.5,0,-1.5,-0.75
-0.75,-1.5,0,-1.5
-1.5,-0.75,-1.5,0

>PixelPanda
1.0,-0.7,-0.7,-0.7
-0.7,1.0,-0.7,-0.7
-0.7,-0.7,1.0,-0.7
-0.7,-0.7,-0.7,1.0

>MeteorMoose
1.0,-3.5,-1.75,-3.5
-3.5,1.0,-3.5,-1.75
-1.75,-3.5,1.0,-3.5
-3.5,-1.75,-3.5,1.0

>LemonLion
1.0,-2.5,-1.0,-2.5
-2.5,1.0,-2.5,-0.5
-1.0,-2.5,1.0,-2.5
-2.5,-0.5,-2.5,1.0

>VortexVole
1.0,-0.6,-0.6,-0.6
-0.6,1.0,-0.6,-0.6
-0.6,-0.6,1.0,-0.6
-0.6,-0.6,-0.6,1.0

>GravityGoat
0,-6,-3,-6
-6,0,-6,-3
-3,-6,0,-6
-6,-3,-6,0

>PhantomPhoenix
1.0,-4.0,-2.0,-4.0
-4.0,1.0,-4.0,-2.0
-2.0,-4.0,1.0,-4.0
-4.0,-2.0,-4.0,1.0

>RubyRobin
1.0,-1.1,-1.1,-1.1
-1.1,1.0,-1.1,-1.1
-1.1,-1.1,1.0,-1.1
-1.1,-1.1,-1.1,1.0

>SphinxSprout
1.0,-2.3,-1.15,-2.3
-2.3,1.0,-2.3,-1.15
-1.15,-2.3,1.0,-2.3
-2.3,-1.15,-2.3,1.0

>TundraToucan
1.0,-2.2,-1.0,-2.2
-2.2,1.0,-2.2,-1.8
-1.0,-2.2,1.0,-2.2
-2.2,-1.8,-2.2,1.0

>InfernoIguana
0,-7,-2,-7
-7,0,-7,-2
-2,-7,0,-7
-7,-2,-7,0

>NovaNightingale
1.0,-0.9,-0.9,-0.9
-0.9,1.0,-0.9,-0.9
-0.9,-0.9,1.0,-0.9
-0.9,-0.9,-0.9,1.0

>BlizzardBear
1.0,-5.0,-2.5,-5.0
-5.0,1.0,-5.0,-2.5
-2.5,-5.0,1.0,-5.0
-5.0,-2.5,-5.0,1.0

>MirageMoth
1.0,-3.0,-1.0,-3.0
-3.0,1.0,-3.0,-2.0
-1.0,-3.0,1.0,-3.0
-3.0,-2.0,-3.0,1.0

>StormStork
1.0,-0.35,-0.35,-0.35
-0.35,1.0,-0.35,-0.35
-0.35,-0.35,1.0,-0.35
-0.35,-0.35,-0.35,1.0

>CyberSquid
0,-2.5,-1.0,-2.5
-2.5,0,-2.5,-1.0
-1.0,-2.5,0,-2.5
-2.5,-1.0,-2.5,0

>GalaxyGecko
1.0,-1.5,-0.75,-1.5
-1.5,1.0,-1.5,-0.75
-0.75,-1.5,1.0,-1.5
-1.5,-0.75,-1.5,1.0

>AstroAxolotl
1.0,-1.5,-0.9,-1.5
-1.5,1.0,-1.5,-1.2
-0.9,-1.5,1.0,-1.5
-1.5,-1.2,-1.5,1.0